000000000 0.0431241
000000001 0
000000002 -0.0257309
000000010 0
000000012 0.0256359
000000020 -0.0254014
000000021 -0.00882792
000000100 0
000000102 0.000287771
000000112 0
000000120 -0.00430622
000000121 0
000000122 -0.00419167
000000200 -0.0251574
000000201 -0.00765581
000000210 0.00367071
000000211 0
000000212 -0.0005
000000221 -0.00187845
000001000 0
000001002 -0.011374
000001012 0
000001020 -0.0047983
000001021 0
000001022 -0.0212831
000001102 0
000001120 0
000001122 -0.00142779
000001200 -0.00159728
000001201 0
000001202 -0.0119638
000001210 0
000001212 -0.00185494
000001220 -0.00321483
000001221 -0.000975
000002000 -0.0271618
000002001 -0.00321752
000002010 0.0106356
000002011 0
000002012 -0.00446664
000002021 -0.00716959
000002100 -0.00899754
000002101 0
000002102 -0.0556906
000002110 0
000002112 -0.00523482
000002120 -0.0047622
000002121 -0.000541626
000002201 -0.00737464
000002210 -0.000386297
000002211 -0.004312
000010000 -0.0045964
000010001 0
000010002 0.199133
000010010 0
000010012 0
000010020 0.133979
000010021 0
000010022 -0.0103914
000010100 0
000010102 0
000010120 0
000010122 1.86731
000010200 0.10929
000010201 0
000010202 -0.0133374
000010210 0
000010212 0.283824
000010220 -0.0167929
000010221 0.05
000011000 0
000011002 0
000011020 0
000011022 0.142196
000011122 0
000011200 0
000011202 0.256928
000011212 0
000011220 0.0490737
000011221 0
000011222 -1
000012000 0.24148
000012001 0
000012002 -0.0169728
000012010 0
000012012 0.0975
000012020 -0.0209627
000012021 0.23915
000012100 0
000012102 1.80432
000012112 0
000012120 0.05
000012121 0
000012122 0.049525
000012200 -0.00364007
000012201 0.192125
000012210 0.100807
000012211 0
000012212 0.0975
000012221 0.0975
000020000 -0.0259472
000020001 -0.00272678
000020010 -0.0175717
000020011 0
000020012 -0.0720283
000020021 -0.031379
000020100 -0.00384506
000020101 0
000020102 -0.0353023
000020110 0
000020112 -0.018084
000020120 -0.0216667
000020121 -0.0174068
000020201 -0.0319335
000020210 -0.167115
000020211 -0.0171966
000021000 -0.0168657
000021001 0
000021002 -0.131974
000021010 0
000021012 -0.0161073
000021020 -0.0261255
000021021 0.0970488
000021100 0
000021102 -0.0175079
000021112 0
000021120 -0.0164213
000021121 0
000021122 -0.141339
000021200 -0.102009
000021201 0.23915
000021210 -0.00574991
000021211 0
000021212 -0.0930848
000021221 0
000022001 -0.0348667
000022010 -0.779424
000022011 0.142625
000022100 0.0146794
000022101 -0.000975
000022110 -0.000975
000022111 1
000022112 -0.265276
000022121 -0.05
000022211 0
000100000 -0.0005
000100001 0
000100002 -0.00972026
000100010 0
000100012 0
000100020 -0.000985226
000100021 0
000100022 -0.00149803
000100100 0
000100102 0
000100120 0
000100122 0.147
000100200 -0.00564101
000100201 0
000100202 -0.0270694
000100210 0
000100212 -0.0005
000100220 -0.00450212
000100221 -0.0005
000101000 0
000101002 0
000101020 0
000101022 0.0490737
000101122 0
000101200 0
000101202 0.049525
000101212 0
000101220 -0.000975
000101221 0
000101222 -1
000102000 0.00813506
000102001 0
000102002 -0.013826
000102010 0
000102012 -0.0038673
000102020 0.00673727
000102021 -0.001451
000102100 0
000102102 0
000102112 0
000102120 0.23915
000102121 0
000102122 0
000102200 -0.00933199
000102201 -0.00308596
000102210 -0.00737449
000102211 0
000102212 0
000102221 -0.00703621
000110000 0
000110002 0
000110020 0
000110022 0.0490738
000110122 0
000110200 0
000110202 0.0970488
000110212 0
000110220 0.369437
000110221 0
000110222 -1
000111022 1
000111202 1
000111220 1
000111222 0
000112000 0
000112002 0.00684749
000112012 0
000112020 0.163222
000112021 0
000112022 -0.226219
000112102 0
000112120 0
000112122 0
000112200 0.195623
000112201 0
000112202 -0.186326
000112210 0
000112212 0
000112220 -0.00102425
000112221 1.06805
000120000 -0.0253086
000120001 0
000120002 -0.0365365
000120010 0
000120012 -0.00988576
000120020 -0.0653241
000120021 -0.0165748
000120100 0
000120102 0.326692
000120112 0
000120120 0.264908
000120121 0
000120122 0.185044
000120200 -0.167786
000120201 -0.0100633
000120210 -0.0165331
000120211 0
000120212 0
000120221 -0.000975
000121000 0
000121002 -0.0517725
000121012 0
000121020 -0.00399521
000121021 0
000121022 0
000121102 0
000121120 0
000121122 0
000121200 -0.00390125
000121201 0
000121202 0
000121210 0
000121212 -0.05
000121220 -0.0005
000121221 0
000122000 0.0267578
000122001 -0.00185494
000122010 -0.00369751
000122011 0
000122012 -0.864071
000122021 -0.0187641
000122100 0.326692
000122101 0
000122102 0.216883
000122110 0
000122112 0.0975
000122120 0.0975
000122121 0.0975
000122201 -0.0269793
000122210 -0.00714561
000122211 -0.000570599
000200000 -0.016809
000200001 0.00147009
000200010 -0.00777615
000200011 0
000200012 -0.00187969
000200021 -0.00238517
000200100 -0.00235952
000200101 0
000200102 -0.0112015
000200110 0
000200112 0.00998103
000200120 -0.00746303
000200121 -0.000975
000200201 -0.114191
000200210 -0.0998865
000200211 -0.0091631
000201000 0.0139296
000201001 0
000201002 -0.0131614
000201010 0
000201012 -0.00243232
000201020 -0.00521417
000201021 0.102824
000201100 0
000201102 -0.00106911
000201112 0
000201120 -0.00267383
000201121 0
000201122 -0.0081594
000201200 -0.0210183
000201201 -0.00264908
000201210 0.000114016
000201211 0
000201212 -0.00142625
000201221 0
000202001 -0.00321907
000202010 -0.000303973
000202011 0
000202100 -0.00185229
000202101 -0.000975
000202110 0.049525
000202111 1
000202112 0
000202121 -0.000975
000202211 0
000210000 0.209542
000210001 0
000210002 0.074835
000210010 0
000210012 0.365457
000210020 0.000656672
000210021 0.326692
000210100 0
000210102 1.91591
000210112 0
000210120 0.0981451
000210121 0
000210122 0.145927
000210200 -0.0111142
000210201 0.23915
000210210 0
000210211 0
000210212 0.05
000210221 0.142625
000211000 0
000211002 0.0541486
000211012 0
000211020 0.129748
000211021 0
000211022 0
000211102 0
000211120 0
000211122 0.194025
000211200 0.00467603
000211201 0
000211202 -0.138916
000211210 0
000211212 0
000211220 -0.143054
000211221 0
000212000 -0.000791188
000212001 0.557723
000212010 0.100925
000212011 0
000212012 0.05
000212021 0.101357
000212100 -0.0005
000212101 0
000212102 0.05
000212110 0
000212112 0.144525
000212120 -0.00158048
000212121 0.0995
000212201 0.0975
000212210 -0.0005
000212211 0.194025
000220001 -0.0158254
000220010 -0.120677
000220011 -0.00226219
000220100 -0.0332774
000220101 -0.000118406
000220110 0.142625
000220111 1
000220112 -0.299239
000220121 -0.265661
000220211 0
000221000 -0.00205123
000221001 0.369133
000221010 0
000221011 0
000221012 -0.000549253
000221021 0.0970488
000221100 -0.00181153
000221101 0
000221102 -0.0287219
000221110 0
000221112 -0.00052475
000221120 -0.00680937
000221121 0.05
000221201 0
000221210 -0.458759
000221211 0
000222011 -1
000222101 -1
000222110 -1
000222111 0
001000000 0
001000002 -0.00481483
001000012 0
001000020 0.00647545
001000021 0
001000022 -0.0393137
001000102 0
001000120 0
001000122 -0.000975
001000200 -0.00536709
001000201 0
001000202 -0.0523302
001000210 0
001000212 -0.00142625
001000220 -0.00457769
001000221 0.0985738
001001002 0
001001020 0
001001022 -0.00142625
001001122 0
001001200 0
001001202 -0.00476297
001001212 0
001001220 0.194025
001001221 1
001001222 -1
001002000 0.0139649
001002001 0
001002002 -0.00189632
001002010 0
001002012 0
001002020 -0.00190079
001002021 0.0044356
001002100 0
001002102 -0.000975
001002112 0
001002120 0
001002121 0
001002122 0
001002200 -0.00631774
001002201 0
001002210 -0.00142625
001002211 0
001002212 0
001002221 -0.000975
001010000 0
001010002 0
001010020 0
001010022 0.237927
001010122 1
001010200 0
001010202 -0.0127425
001010212 0
001010220 0.022731
001010221 0
001010222 -1
001011022 0
001011202 0
001011220 0
001011222 -1
001012000 0
001012002 0.283071
001012012 0
001012020 -0.0005
001012021 0
001012022 0.09662
001012102 1
001012120 1
001012122 1
001012200 0.0119154
001012201 0
001012202 -0.00491952
001012210 0
001012212 0.283824
001012220 -0.0203274
001012221 0
001020000 -0.0121575
001020001 0
001020002 0.000924682
001020010 0
001020012 -0.0100201
001020020 0.0416061
001020021 -0.0005
001020100 0
001020102 -0.000975
001020112 0
001020120 -0.00475886
001020121 0
001020122 -0.301663
001020200 0.0191696
001020201 0
001020210 4.46702e-05
001020211 0
001020212 -0.00099542
001020221 0.0223917
001021000 0
001021002 -0.0185343
001021012 0
001021020 -0.0005
001021021 1
001021022 0
001021102 0
001021120 0
001021122 0
001021200 0.193574
001021201 1
001021202 -0.48318
001021210 0
001021212 -0.00495386
001021220 0.049525
001021221 1
001022000 -0.0248432
001022001 -0.0186137
001022010 -0.00569445
001022011 0
001022012 -0.143523
001022021 -0.05
001022100 -0.00295331
001022101 0
001022102 -0.374383
001022110 0
001022112 -0.0979513
001022120 -0.0481237
001022121 0
001022201 -0.027145
001022210 -0.00299129
001022211 -0.0158895
001100000 0
001100002 0
001100020 0
001100022 -0.0005
001100122 0
001100200 0
001100202 -0.00228817
001100212 0
001100220 -0.00102326
001100221 0
001100222 -1
001101022 0
001101202 0
001101220 0
001101222 -1
001102000 0
001102002 0
001102012 0
001102020 -0.00185494
001102021 0
001102022 -0.00226219
001102102 0
001102120 0
001102122 0
001102200 -0.00304956
001102201 0
001102202 -0.0121787
001102210 0
001102212 0.003499
001102220 -0.00287485
001102221 -0.0005
001110022 0
001110202 0
001110220 0
001110222 -1
001112002 0
001112020 0
001112022 0.450176
001112122 1
001112200 0
001112202 0.0116334
001112212 0
001112220 -0.00103621
001112221 0
001112222 -1
001120000 0
001120002 -0.00099975
001120012 0
001120020 -0.00583835
001120021 0
001120022 0
001120102 0
001120120 0
001120122 0.05
001120200 0.0283691
001120201 0
001120202 -0.551903
001120210 0
001120212 -0.00482777
001120220 0
001120221 -0.0005
001121002 0
001121020 0
001121022 -0.0005
001121122 0
001121200 0
001121202 -0.226219
001121212 0
001121220 0.05
001121221 1
001121222 0
001122000 0.0126481
001122001 0
001122002 0.13488
001122010 0
001122012 -0.0005
001122020 -0.00524701
001122021 0.00611471
001122100 0
001122102 0.05
001122112 0
001122120 0.05
001122121 0
001122122 0.05
001122200 0.0173069
001122201 -0.0131875
001122210 -0.00186138
001122211 0
001122212 0.0333449
001122221 0.0191194
001200000 -0.00102795
001200001 0
001200002 -0.00328919
001200010 0
001200012 -0.000975
001200020 -0.00276106
001200021 0.0981451
001200100 0
001200102 0
001200112 0
001200120 0
001200121 0
001200122 -0.0005
001200200 -0.00264302
001200201 -0.00142625
001200210 -0.00248586
001200211 0
001200212 -0.0005
001200221 -0.0005
001201000 0
001201002 -0.00526236
001201012 0
001201020 0.0991735
001201021 1
001201022 -0.015051
001201102 0
001201120 0
001201122 -0.0005
001201200 0.000620063
001201201 0
001201202 -0.0005
001201210 0
001201212 0
001201220 0.0975
001201221 1
001202000 -0.00219874
001202001 -0.00185494
001202010 -0.00147451
001202011 0
001202012 0
001202021 0.000807437
001202100 0.049525
001202101 0
001202102 0
001202110 0
001202112 0
001202120 0.049525
001202121 -0.0005
001202201 0
001202210 -0.098078
001202211 0
001210000 0
001210002 0.450176
001210012 0
001210020 0.0995
001210021 0
001210022 0.00137625
001210102 1
001210120 1
001210122 1
001210200 -0.00269046
001210201 0
001210202 -0.0983799
001210210 0
001210212 0.0975
001210220 -0.142625
001210221 0.0995
001211002 0
001211020 0
001211022 0.149851
001211122 1
001211200 0
001211202 -0.186307
001211212 0
001211220 0.264908
001211221 1
001211222 -1
001212000 -0.000975
001212001 0
001212002 -0.0005
001212010 0
001212012 -0.0005
001212020 0.0034
001212021 0.05
001212100 1
001212102 1
001212112 1
001212120 1
001212121 0
001212122 0
001212200 0.00217717
001212201 0.05
001212210 0.001975
001212211 0
001212212 0.0975
001212221 0.05
001220000 0.011952
001220001 0.049525
001220010 -0.0184361
001220011 0
001220012 -0.05
001220021 0
001220100 -0.0182593
001220101 0
001220102 -0.185901
001220110 0
001220112 -0.05
001220120 -0.145603
001220121 0
001220201 0.376882
001220210 0.00821979
001220211 0
001221000 0.194025
001221001 1
001221002 -0.0204077
001221010 0
001221012 -0.017076
001221020 0.0732734
001221021 1
001221100 0
001221102 -0.0161515
001221112 0
001221120 -0.0005
001221121 1
001221122 -0.0975
001221200 0.103922
001221201 1
001221210 0.134128
001221211 1
001221212 -0.0005
001221221 0
001222001 -1
001222010 -1
001222011 -1
001222100 -1
001222101 -1
001222110 -1
001222112 0
001222121 0
001222211 -1
002000000 -0.0292526
002000001 -0.00906348
002000010 -0.00829417
002000011 0
002000012 -0.0683186
002000021 -0.00484871
002000100 -0.00498586
002000101 0
002000102 -0.0249741
002000110 0
002000112 -0.00613344
002000120 -0.00734661
002000121 -0.00410445
002000201 -0.0145829
002000210 -0.00070186
002000211 -0.0045964
002001000 -0.00477662
002001001 0
002001002 -0.00099975
002001010 0
002001012 -0.00142625
002001020 -0.00578845
002001021 -0.00142625
002001100 0
002001102 -0.000975
002001112 0
002001120 -0.00142625
002001121 0
002001122 0
002001200 -0.00321705
002001201 -0.0026703
002001210 -0.00099975
002001211 0
002001212 -0.00142625
002001221 -0.00142625
002002001 -0.00154337
002002010 -0.00356511
002002011 -0.00142625
002002100 -0.00302639
002002101 0
002002110 0.0482378
002002111 1
002002112 -1
002002121 0.00315869
002002211 0
002010000 0.251877
002010001 0
002010002 -0.0139253
002010010 0
002010012 0.336579
002010020 -0.00408129
002010021 0.283824
002010100 0
002010102 0.391225
002010112 0
002010120 0.0139907
002010121 0
002010122 -0.00559391
002010200 0.194281
002010201 0.409857
002010210 0.326692
002010211 0
002010212 0.185494
002010221 0.04996
002011000 0
002011002 1.01928
002011012 0
002011020 0.656385
002011021 0
002011022 -0.000975
002011102 0
002011120 0
002011122 1.91584
002011200 0.968192
002011201 0
002011202 -0.0005
002011210 0
002011212 0.0261027
002011220 0.0970488
002011221 0.049525
002012000 -0.00870866
002012001 0.450176
002012010 0.185494
002012011 0
002012012 -1
002012021 0.0975
002012100 0.0257622
002012101 0
002012102 -1
002012110 0
002012112 -1
002012120 -0.0202623
002012121 0.05
002012201 0.0474507
002012210 0.186673
002012211 0
002020001 -0.0107897
002020010 -0.0513355
002020011 0.188749
002020100 -0.0100144
002020101 0.103629
002020110 0.05
002020111 1
002020112 -0.322486
002020121 -0.0244207
002020211 -1
002021000 -0.832887
002021001 -0.0138569
002021010 -0.004543
002021011 0
002021012 0
002021021 -0.002975
002021100 0.0168703
002021101 0
002021102 -0.0053636
002021110 0
002021112 -0.0105913
002021120 -0.00275779
002021121 -0.0133317
002021201 -1
002021210 -1
002021211 -1
002022011 0.049525
002022101 -0.00142625
002022110 -0.0005
002022111 1
002100000 0.0197198
002100001 0
002100002 -0.0258884
002100010 0
002100012 -0.0158184
002100020 -0.00310845
002100021 -0.000975
002100100 0
002100102 0.142625
002100112 0
002100120 0.142625
002100121 0
002100122 0.05
002100200 -0.00192554
002100201 -0.0005
002100210 -0.00321871
002100211 0
002100212 -0.17711
002100221 -0.000975
002101000 0
002101002 0.099025
002101012 0
002101020 0
002101021 0
002101022 0
002101102 0
002101120 0
002101122 0
002101200 0.049525
002101201 0
002101202 0
002101210 0
002101212 0
002101220 -0.0005
002101221 0
002102000 -0.0061806
002102001 0.003499
002102010 0.000492982
002102011 0
002102012 -1
002102021 -0.0005
002102100 0.05
002102101 0
002102102 -1
002102110 0
002102112 -1
002102120 -0.0005
002102121 0.0995
002102201 -0.0005
002102210 -0.0983799
002102211 0.00862924
002110000 0
002110002 1.72838
002110012 0
002110020 1.88497
002110021 0
002110022 0.0970488
002110102 0
002110120 0
002110122 0.194025
002110200 1.96961
002110201 0
002110202 0.142196
002110210 0
002110212 0.101376
002110220 0.0970488
002110221 0.0588379
002111002 1
002111020 1
002111022 1
002111122 1
002111200 1
002111202 1
002111212 1
002111220 1
002111221 0
002111222 0
002112000 0.0698493
002112001 0
002112002 -1
002112010 0
002112012 -1
002112020 -0.00617834
002112021 1.91749
002112100 0
002112102 -1
002112120 0.0975
002112121 0
002112122 -1
002112200 0.0777889
002112201 1.94681
002112210 0.0213184
002112211 0
002112212 -1
002112221 0.185494
002120000 -0.442558
002120001 -0.00226219
002120010 -0.00226219
002120011 0
002120012 0
002120021 0
002120100 0.23915
002120101 0
002120102 0
002120110 0
002120112 0
002120120 0.0975
002120121 0.05
002120201 -1
002120210 -1
002120211 -1
002121000 -0.0178124
002121001 0
002121002 -0.181932
002121010 0
