000000001 0
000000011 0
000000101 0
000001000 0
000001001 0
000001010 0
000001012 0
000001021 0
000001100 0
000001102 0
000001120 0
000001201 0
000001210 0
000010000 0
000010001 0
000010010 0
000010012 0
000010021 0
000010100 0
000010102 0
000010120 0
000010201 0
000010210 0
000011000 0
000011002 0
000011020 0
000011200 0
000012001 0
000012010 0
000012100 0
000020000 0
000020001 0
000020010 0
000020012 0
000020021 0
000020100 0
000020102 0
000020120 0
000020201 0
000020210 0
000021000 0
000021001 0
000021002 0
000021010 0
000021020 0
000021100 0
000021200 0
000022001 0
000022010 0
000022100 0
000100001 0
000101000 0
000101002 0
000101020 0
000101200 0
000110000 0
000110002 0
000110020 0
000110200 0
000112000 0
000120000 0
000120002 0
000120020 0
000120200 0
000121000 0
000122000 0
000201001 0
000201010 0
000201100 0
000210001 0
000210010 0
000210100 0
000211000 0
000220001 0
000220010 0
000220100 0
000221000 0
001000001 0
001000021 0
001000201 0
001001000 0
001001002 0
001001020 0
001001200 0
001002001 0
001010000 0
001010002 0
001010020 0
001010200 0
001010201 0
001010210 0
001010212 0
001010221 0
001011200 0
001011202 0
001011220 0
001012000 0
001012201 0
001012210 0
001020000 0
001020001 0
001020002 0
001020020 0
001020200 0
001021000 0
001022000 0
001110200 0
001110202 0
001110220 0
001112200 0
001200001 0
001201000 0
001210000 0
001210001 0
001210010 0
001210012 0
001210021 0
001210100 0
001210102 0
001210120 0
001210201 0
001210210 0
001211000 0
001211002 0
001211020 0
001211200 0
001212001 0
001212010 0
001212100 0
001220000 0
002001001 0
002001010 0
002001100 0
002010001 0.05
002010010 0
002010011 0
002010100 0
002010101 0
002010121 0
002010211 0
002011000 0
002011001 0
002011021 0
002011201 0
002012011 0
002012101 0
002020001 0
002020010 0
002020100 0
002021000 0
002101000 0
002110000 0
002110001 0
002110021 0
002110201 0
002112001 0
002120000 0
002210011 0
002210101 0
002211001 0
010000000 0
010000001 0
010001000 0
010001002 0
010001020 0
010001200 0
010010000 0
010010002 0
010010020 0
010010200 0
010012000 0
010020000 0
010020002 0
010020020 0
010020200 0
010021000 0
010022000 0
010201000 0
010210000 0
010220000 0
011010200 0
011010202 0
011010220 0
011012200 0
011210000 0
011210002 0
011210020 0
011210200 0
011212000 0
012001000 0
012010000 0
012010001 0
012010021 0
012010201 0
012012001 0
012020000 0
012210001 0
020000000 0
020000001 0
020000010 0
020000012 0
020000021 0
020000100 0
020000102 0
020000120 0
020000201 0
020000210 0
020001000 0
020001001 0
020001002 0
020001010 0
020001020 0
020001100 0
020001200 0
020002001 0
020002010 0
020002100 0
020010000 0
020010001 0
020010002 0
020010010 0
020010020 0
020010100 0
020010200 0
020011000 0
020012000 0
020020001 0
020020010 0
020020100 0
020021000 0
020100000 0
020100002 0
020100020 0
020100200 0
020101000 0
020102000 0
020110000 0
020120000 0
020200001 0
020200010 0
020200100 0
020201000 0
020210000 0
021000000 0
021000001 0
021000002 0
021000020 0
021000200 0
021001000 0
021002000 0
021010000 0
021010201 0
021010210 0
021011200 0
021020000 0
021110200 0
021200000 0
021210001 0
021210010 0
021210100 0
021211000 0
022000001 0
022000010 0
022000100 0
022001000 0
022010000 0
022010011 0
022010101 0
022011001 0
022100000 0
022110001 0
100000001 0
100001000 0
100001002 0
100001020 0
100001200 0
100010000 0
100010002 0
100010020 0
100010200 0
100012000 0
100020000 0
100020002 0
100020020 0
100020021 0
100020120 0
100020122 0
100020200 0
100020221 0
100021000 0
100021020 0
100021022 0
100021220 0
100022000 0
100022001 0
100022010 0
100022012 0
100022021 0
100022100 0
100022102 0
100022120 0
100022201 0
100022210 0
100120020 0
100120022 0
100120220 0
100122000 0
100122002 0
100122020 0
100122200 0
100201000 0
100210000 0
100220000 0
100220021 0
100220120 0
100221020 0
100222001 0
100222010 0
100222100 0
101010200 0
101010202 0
101010220 0
101012200 0
101020020 0
101020022 0
101020220 0
101022000 0
101022002 0
101022020 0
101022200 0
101210000 0
101210002 0
101210020 0
101210200 0
101212000 0
101220020 0
101222000 0
102001000 0
102010000 0
102010001 1
102010021 0
102010201 0
102012001 0
102020000 0
102020001 0
102020010 0
102020012 0
102020021 0
102020100 0
102020102 0
102020120 0
102020201 0
102020210 0
102021000 0
102021002 0
102021020 0
102021200 0
102022001 0
102022010 0
102022100 0
102120000 0
102120002 0
102120020 0
102120200 0
102122000 0
102210001 0
102220001 0
102220010 0
102220100 0
102221000 0
110020020 0
110020022 0
110020220 0
110022000 0
110022002 0
110022020 0
110022200 0
110220020 0
110222000 -1
112020000 0
112020002 0
112020020 0
112020021 0
112020120 0
112020122 0
112020200 -1
112020221 0
112021020 0
112021022 0
112021122 0
112021220 0
112022000 0
112022021 0
112022120 0
112120020 0
112120022 0
112120220 -1
112121022 0
112121222 -1
112122020 0
112220000 0
112220021 0
112220120 0
112221020 0
112221122 0
120000000 0
120000002 0
120000020 0
120000021 0
120000120 0
120000122 0
120000200 0
120000221 0
120001000 0
120001020 0
120001022 0
120001220 0
120002000 0
120002021 0
120002120 0
120010000 0
120010020 0
120010022 0
120010122 0
120010220 0
120011022 0
120011222 0
120012020 0
120012122 0
120020000 0
120020001 0
120020010 0
120020012 0
120020021 0
120020100 0
120020102 0
120020112 0
120020120 -1
120020201 0
120020210 0
120021000 0
120021002 0
120021012 0
120021020 -1
120021200 0
120021212 0
120022001 0
120022010 0
120022011 0
120022100 0
120022110 0
120022112 0
120022211 0
120100020 0
120100022 0
120100220 0
120102020 0
120110022 0
120110222 0
120112022 0
120120000 0
120120002 0
120120012 0
120120020 -1
120120200 0
120120212 0
120122000 0
120122010 0
120122012 0
120122210 0
120200000 0
120200021 0
120200120 0
120201020 0
120210020 0
120210122 0
120211022 0
120220001 0
120220010 0
120220100 0
120220112 0
120221000 0
120221012 0
120222011 0
120222110 0
121000020 0
121000022 0
121000220 0
121002020 0
121010022 0
121010200 0
121010222 -1
121012022 0
121020000 0
121020002 0
121020012 0
121020020 -1
121020200 0
121020212 0
121022000 0
121022010 0
121022012 0
121022112 0
121022210 0
121122012 0
121122212 0
121200020 0
121210000 0
121210022 0
121220000 0
121220012 0
121220112 0
121221012 0
121221212 0
121222010 -1
121222112 0
122000000 0
122000021 0
122000120 0
122001020 0
122010001 0
122010020 0
122010122 0
122011022 0
122020001 0
122020010 0
122020011 0
122020100 0
122020110 0
122020112 0
122020211 -1
122021000 0
122021010 0
122021012 0
122022011 0
122022110 0
122100020 0
122110022 0
122120000 0
122120010 0
122120012 0
122122010 0
122220011 0
200000000 0
200000001 0
200000010 0
200000012 0
200000021 0
200000100 0
200000102 0
200000120 0
200000201 0
200000210 0
200001000 0
200001001 0
200001002 0
200001010 0
200001020 0
200001100 0
200001200 0
200002001 0
200002010 0
200002100 0
200010000 0
200010001 0
200010002 0
200010010 0
200010011 0
200010020 0
200010100 0
200010101 0
200010110 0
200010112 0
200010121 0
200010200 0
200010211 0
200011000 0.094525
200011001 0
200011010 0
200011012 0
200011021 0
200011100 0
200011102 0
200011120 0
200011201 0
200011210 0
200012000 0
200012011 0
200012101 0
200012110 0
200020001 0
200020010 0
200020100 0
200021000 0
200100000 0
200100002 0
200100020 0
200100200 0
200101000 0
200102000 0
200110000 0
200110001 0
200110021 0
200110100 0
200110102 0
200110120 0
200110201 0
200111000 1
200111002 0
200111020 0
200111200 0
200112001 0
200112100 0
200120000 0
200200001 0
200200010 0
200200100 0
200201000 0
200210000 0
200210011 0
200210101 0
200210110 0
200211001 0
200211010 0
200211100 0
201000000 0
201000001 0
201000002 0
201000020 0
201000200 0
201001000 0
201002000 0
201010000 0
201010001 0
201010010 0
201010012 0
201010021 0
201010100 0
201010102 0
201010120 1
201010201 0
201010210 0
201011000 0
201011002 0
201011020 0
201011200 0
201012001 0
201012010 0
201012100 0
201020000 0
201110000 0
201110002 0
201110020 0
201110200 0
201112000 0
201200000 0
201210001 0
201210010 0
201210100 1
201211000 0
202000001 0
202000010 0
202000100 0
202001000 0
202010000 0
202010011 0
202010101 0
202010110 0
202011001 0
202011010 0
202011100 0
202100000 0
202110001 0
202110100 0
202111000 0
210000000 0
210000002 0
210000020 0
210000200 0
210001000 0
210002000 0
210010000 0
210010001 0
210010010 0
210010012 0
210010021 0
210010100 0
210010102 0
210010120 0
210010201 0
210010210 1
210011000 0
210011002 0
210011020 0
210011200 0
210012001 0
210012010 0
210012100 0
210020000 0
210020001 0
210020010 0
210020012 0
210020021 0
210020100 0
210020102 0
210020120 0
210020201 0
210020210 0
210021000 0
210021002 0
210021020 0
210021200 0
210022001 0
210022010 0
210022100 0
210110000 0
210110002 0
210110020 0
210110200 0
210112000 0
210120000 0
210120002 0
210120020 0
210120200 0
210122000 0
210200000 0
210210001 0
210210010 1
210210100 0
210211000 0
210211001 0
210211010 0
210211100 0
210211102 0
210211120 0
210211210 -1
210220001 0
210220010 0
210220100 0
210221000 0
211010000 0
211010002 0
211010020 0
211010200 0
211010201 0
211010210 0
211010212 0
211010221 0
211011200 0
211011202 0
211011220 0
211012000 0
211012201 0
211012210 0
211020000 0
211020002 -1
211020020 0
211020200 0
211022000 0
211110200 0
211110202 0
211110220 0
211112200 0
211210000 0
211210201 0
211210210 -1
211211000 0
211211200 0
211220000 0
212000000 0
212010001 0.05
212010010 1
212010011 1
212010100 0
212010101 0
212010110 0
212010112 0
212010121 0
212010211 0
212011000 0
212011001 0
212011100 0
212011102 0
212011120 0
212012011 0
212012101 0
212012110 0
212020001 0
212020010 0
212020100 0
212021000 0
212110000 0
212110001 0
212110021 0.05
212110100 0
212110102 0
212110120 0
212110121 0
212111021 1
212111221 0
212112100 0
212112121 0
212120000 0
212210011 0
212210101 0
212210110 1
212211100 0
220000001 0
220000010 0
220000100 0
220001000 0
220010000 0
220010011 0
220010101 0
220010110 0
220011001 0.05
220011010 0
220011011 0
220011100 0
220011101 0
220011121 0
220011211 0
220100000 0
220110001 0
220110100 0.05
220110101 0
220110110 0
220110112 0
220110121 0
220111000 1
220111001 0
220111021 0
220111100 0
220111102 0
220111120 0
220111201 0
220112101 0
220112110 0
220211011 0
220211101 0
221000000 0
221010001 0
221010010 0
221010100 1
221011000 0.05
221011001 1
221011010 0
221011012 0
221011021 0
221011100 0
221011102 0
221011120 0
221011201 0
221011210 0
221110000 0.0975
221110001 0
221110010 0
221110012 0
221110021 0
221110100 1
221110102 0
221110120 0
221110201 0
221110210 0
221111000 1
221111002 0
221111020 0
221111200 0
221112001 0
221112010 0.05
221112011 0
221112100 1
221112110 1
221112112 0
221112211 0
221211001 0
221211010 0
221211100 1
222011011 -1
222011101 0
222110101 -1
222110110 0
222111001 0
222111100 0
